alpha1 =  2.8027 +/- 0.026683 L(0 - 600) 
alpha2 =  1.2582 +/- 0.028937 L(0 - 600) 
bkgYield =  262031 +/- 42878 L(0 - 500000) 
n1 =  0.1 +/- 0.020731 L(0 - 4000) 
n2 =  3.7664 +/- 0.44472 L(0 - 4000) 
p1 = -0.000175373 +/- 0.000000096537 L(-0.000181818 - 1) 
sigFrac =  0.34234 +/- 0.0049923 L(0 - 1) 
sigMassMean =  5284.0 +/- 0.061168 L(5200 - 5400) 
sigMassSigma1 =  46.537 +/- 0.43283 L(30 - 50) 
sigMassSigma2 =  17.068 +/- 0.087031 L(5 - 30) 
sigYield =  328778 +/- 53859 L(0 - 600000) 
