bkgMassSlope =  0.0082328 +/- 0.0010149 L(-1 - 2) 
bkgYield =  60000.83 +/- 26.869 L(0 - 200000) 
sigMassMean =  5284.2 +/- 0.049396 L(5200 - 5400) 
sigMassSigma1 =  14.950 +/- 0.37153 L(5 - 20) 
sigMassSigma2 =  17.431 +/- 0.81946 L(10 - 25) 
sigMassSigma3 =  39.490 +/- 1.4148 L(20 - 70) 
sigMassTemp12 =  0.32691 +/- 0.035491 L(0 - 1) 
sigMassTemp23 =  0.43950 +/- 0.032187 L(0 - 1) 
sigYield =  400000.4 +/- 203.39 L(0 - 600000) 
