alpha1 =  2.9929 +/- 0.33609 L(0 - 600) 
alpha2 =  1.2663 +/- 0.062541 L(0 - 600) 
bkgYield =  262899 +/- 28275 L(0 - 500000) 
n1 =  1.00000015354 +/- 0.31133 L(0 - 4000) 
n2 =  2.6851 +/- 0.52485 L(0 - 4000) 
p1 = -0.000175086 +/- 0.00000035347 L(-0.000181818 - 1) 
sigFrac =  0.6330 +/- 0.017084 L(0.3 - 1) 
sigMassMean =  5283.9 +/- 0.19143 L(5200 - 5400) 
sigMassSigma1 =  30.689 +/- 1.4290 L(20 - 50) 
sigMassSigma2 =  16.384 +/- 0.30636 L(5 - 20) 
sigYield =  337379 +/- 36990 L(0 - 600000) 
